// NIR-II SLIM - zebrafish heart registration - produces Fig. 2c-h (resolved elastix parameter map)
// environment: SimpleElastix 3.0.0a1.post183
(BSplineTransformSplineOrder 3)
(Direction 1 0 0 1)
(FixedImageDimension 2)
(FixedInternalImagePixelType "float")
(GridDirection 1 0 0 1)
(GridIndex 0 0)
(GridOrigin -32.5 -32.5)
(GridSize 9 9)
(GridSpacing 24 24)
(HowToCombineTransforms "Compose")
(Index 0 0)
(InitialTransformParameterFileName "NoInitialTransform")
(MovingImageDimension 2)
(MovingInternalImagePixelType "float")
(NumberOfParameters 162)
(Origin 0 0)
(Size 128 128)
(Spacing 1 1)
(Transform "BSplineTransform")
(TransformParameters -0.0015857174909795209 0.021710743879332396 0.08252161094690466 0.12116952845203847 0.10649651552933052 0.08822485978633951 0.07322453482186055 0.05546605817185822 0.010688274038720346 0.10755752877289465 0.3714410797717186 0.4392525570817168 0.320148066279658 0.05914049607837701 -0.1695261591106873 -0.3181580629101133 -0.3227444498541956 -0.09716005833866354 0.3265481188895699 1.283479341165102 1.4178984517264102 0.893602574497993 -0.4955742241646824 -0.9875177143370449 -1.068043692319063 -1.1512834595592123 -0.29991601785418265 0.5931156542795959 2.9599376217071147 3.6130923415377407 -0.5188393678996259 0.7503721901115659 -0.7214724339083444 -3.0607440379479067 -2.2235891895071602 -0.5321196527942804 0.7492914962098451 4.196807541079941 1.7941169806572754 -3.947630694767713 2.2036976551763736 0.16659183879120748 -4.8462195892157744 -2.8692051507149254 -0.6565960824720661 0.6095295141230985 3.458419055185516 3.973666077411706 -1.7892625884776978 1.8838350049807167 -2.2113157790078164 -3.5090748392983313 -2.0264262690478914 -0.5361370157241327 0.3309454045602908 1.6445229212365076 1.9798310436627353 1.5681269971278644 2.5135159772318865 -0.3787224921233801 -1.3872193967823203 -0.9782000905639774 -0.31450505587977085 0.09055066909689723 0.4650661943881276 0.6478222437851647 0.7950858053613081 0.8038409928491782 0.25216336467125683 -0.16906611216434106 -0.2635420020033139 -0.1190359628644921 -0.006234721825269621 0.030314493264440096 0.1204114421562788 0.19903526147439804 0.20837712633581412 0.15220149296769894 0.09332001455363823 0.05177316414526921 0.003699416489093399 0.003644425385605938 0.04981600558788249 0.13652490216704335 0.20579234703412355 0.19963999238003868 0.10947018205901776 0.030457937974328882 -0.0033309714842252314 -0.0076122206893043725 0.01604182018348246 0.21454346077379677 0.584221772425518 1.0026784302170164 1.187882170655853 0.7554243174615479 0.3434451293628545 0.14329742264248915 0.006505412924664168 0.06918614755680562 0.510247219296349 1.1305362096584866 3.829074300223611 3.3799293324873982 1.8493553681183814 0.47791879750316535 0.3663531189167425 0.061949283141602744 0.06987654959619505 0.751862011431382 1.1792534649707411 -0.2746879026739164 0.03053098251075495 1.5879070774762791 1.153232695175998 0.5068842389221174 0.10781963957746289 -0.009369397555713973 0.15244733910619204 0.6015448450130314 -0.9944230737015728 0.773711198124633 0.23144762309435574 0.24768763620838294 0.3609292160921797 0.10747410181376 -0.06413109908309605 -0.5309074223119872 -1.1666825006649073 1.8098912934585387 0.6911463375346638 -0.13542403098303923 -0.9542053037337737 -0.08990647516243422 0.07797044320068054 -0.032858597047275985 -0.35038796496530117 -1.023281232301253 -3.9864013409348065 -5.5746625509279975 -3.0095573771260624 -1.5536941838159115 -0.4261389768008249 0.0493612802138135 0.029252741689518635 -0.19356958567010957 -0.6962479100598157 -1.6698136977560647 -2.6491834220138246 -2.39967961434817 -1.4358147401341241 -0.47009350510087117 0.029492777421100694 0.012171281432698612 -0.07624785371646528 -0.25538062100569425 -0.5030359871531591 -0.693664724209381 -0.640415919438709 -0.4092071356857786 -0.15508884385408578 0.003090336056373748)
(UseCyclicTransform "false")
(UseDirectionCosines "true")

// ResampleInterpolator specific
(FinalBSplineInterpolationOrder 3)
(ResampleInterpolator "FinalBSplineInterpolator")

// Resampler specific
(CompressResultImage "false")
(DefaultPixelValue 0)
(Resampler "DefaultResampler")
(ResultImageFormat "nii")
(ResultImagePixelType "float")
